# command_history: dirgen 362 sphere362.txt -cartesian -force -nthreads 6  (version=3.0.8)
-0.4370551778302 0.835105866197956 -0.334037368828061
0.465655500810086 0.326542759951051 0.822517343579367
0.815281749909569 -0.373136594417408 0.44281457764054
-0.284411605012903 0.795468974635918 -0.535106670978475
-0.914001654494565 -0.199478605143139 -0.353283542882124
0.894468140341444 -0.377931019722129 -0.238945370840096
-0.0995365156132415 0.579152071563091 0.809120114731895
-0.747241907441375 0.346235105659485 -0.567230802559541
-0.477357227543647 0.80080599876268 0.36171788683662
-0.536140684011007 -0.706945763968775 -0.461281750944924
0.771338253537025 -0.618611777689972 0.149521794845115
0.129829091581751 -0.694487191708938 0.707694812423611
0.888163504424327 0.324391955610958 0.325477262713691
0.903470142742008 0.350929029341794 -0.246151411815901
0.0866353161923211 -0.913833806668233 0.396739329760113
-0.264313119615607 -0.242783824496062 -0.933378052753616
0.738234053718171 0.134314134623613 0.661037211638759
-0.98664264802888 0.160163862023603 -0.0297291505469788
-0.0196640898533054 0.999391040869445 -0.0288248330459751
0.872550179774645 0.460200497093915 -0.163925855952467
0.856855819882913 0.210406660545316 0.470666698557428
0.583166958791898 0.300386329110848 0.754774371224089
-0.913445768508616 -0.11892337750054 0.389196683281817
0.00334110155056726 -0.0811610710065761 0.996695398601546
-0.450003057265061 -0.088593723412878 -0.888621629617432
-0.931629752712452 -0.319034944257315 -0.174019275379675
0.900265175569927 -0.400976441396201 0.169530254235896
0.123447274694423 0.474236362699971 0.871699858129862
-0.513876390684017 -0.81845829638687 0.257015704137062
-0.248198338045646 0.367912325814732 0.896123934232857
0.570308990105089 0.797572909960759 0.196532717637652
0.63415749959038 0.754527209010008 -0.168917010916143
0.301419529601583 -0.00770849365031085 -0.953460458697897
0.438948152983918 -0.403966394373647 0.802580632216329
-0.140504116601618 0.111601450354213 -0.983770150744998
0.403559403542185 0.379773374685188 -0.832413353865073
0.983681027778081 0.0817059926255693 0.160298990510011
-0.805987335568632 0.128015381157353 -0.577924283180864
-0.615967514068729 0.308785125702464 0.724731514256765
0.760521876808762 0.0973888818637047 -0.641967195878898
-0.219272847374579 -0.235425606447336 0.946833777509626
0.333301086083735 -0.511012468059685 0.792323572477149
-0.222292944765208 -0.10405689707285 0.969411166058646
-0.60911007692358 -0.31011015736026 0.729942877554227
0.736208656014095 -0.227005822419498 0.637546211185956
0.234358232617323 -0.584504175962907 -0.776808269192861
-0.395679047112426 -0.869371285532037 0.296026450792115
-0.0586701021399602 0.847527168804838 -0.52749930545219
0.552811160283347 0.0408681310461261 -0.832303800862988
-0.555331126489067 0.414510009393632 -0.720963793865458
-0.983201092245504 0.0156261649951255 0.181855533803052
-0.502653200555526 0.0925076584516736 0.859524341190565
-0.373021979044572 -0.613256182077873 0.69625531114164
-0.634153506701803 0.201232513561871 -0.746561990341979
-0.316299255701027 0.391638704251616 -0.864045083415844
-0.197290316411005 -0.364655571331769 -0.91000156337621
0.919780713343295 -0.250585775872099 -0.302010278454689
-0.399188570050344 0.15473414857177 -0.903717781614886
0.445038571628948 -0.227444574333656 -0.866146428364539
0.225076620230864 0.964789091873277 -0.136097476933959
-0.393567634773064 -0.501854070738442 0.770225297262035
0.2033599291683 -0.769267574105326 -0.60569970995434
-0.232819347102084 0.609424420387546 -0.757889851792635
0.928989581949645 -0.281184725293159 0.240652253035029
-0.272258297363326 0.135310855386856 -0.952662790252301
-0.00521225325879221 0.984809152551756 -0.173561993150169
-0.693143691318339 0.717590197832053 -0.0679421162530405
-0.874378184771549 -0.420027889500749 -0.24298016799146
-0.782937073432912 -0.237647687410703 -0.574920095067699
-0.604654649350756 0.657055049677368 -0.450190422723524
-0.607601127119656 0.0719815587140886 -0.790973783085137
0.30069234180191 0.750526690601194 0.588467333228364
-0.450814518613521 0.518116551029301 -0.726857282660607
0.0768357522308489 -0.850751452565248 -0.519921372072009
-0.948592510370401 0.267327569039012 0.169435002584687
0.85702172020788 -0.513780020465506 -0.039292005069607
-0.783508181804546 -0.221395289127653 0.580602320868095
-0.664125535353143 0.666519581623017 0.33865752701657
-0.209965727817742 -0.891775280935173 -0.400813225149768
-0.797735072134518 -0.564802090030147 0.211228203098245
-0.486177214524297 0.554712021546323 0.675223140324284
0.2389815275959 -0.000818157126265046 0.971023769063789
0.960373170482857 0.113373941154798 -0.254616815791366
0.995692791704843 0.0902729296847303 0.0211343964463691
0.270407533028651 -0.958880464885016 -0.086185962564992
0.701416979360804 0.446296579718055 -0.555727976618355
-0.0300839763683689 0.266128342554618 0.963468037692481
-0.82004427243486 -0.534348727778099 -0.204936156811601
0.310647375326011 -0.475120641434315 -0.823260945439601
0.952350275318137 0.202332169763157 0.228233753376667
0.973815025005059 0.208525147336367 0.090562464645917
-0.599958635861356 0.800021111532371 0.00398200425541164
-0.402655175051049 -0.449699244648461 -0.797269966427441
-0.58708179589733 0.798769883775565 -0.131535689830311
-0.382759331261252 0.923793981249715 0.00999872688101348
-0.76968152467013 0.135963700085554 0.623782191827011
0.860999021120969 -0.0264087960397411 0.507920526382292
-0.0276725431004145 0.764810531939173 -0.643660687469163
-0.111820154280159 0.959619642705637 -0.258120891115513
-0.524920471243018 -0.427727695139742 -0.735871943805749
-0.932615523695572 -0.344643869901882 0.106999476172033
0.705460699926322 0.32841801883674 -0.628065924694864
0.648900958659544 0.652712550001507 -0.391016461189621
0.560377250567725 0.823525838691144 -0.0882186491293415
0.689334222338711 0.26864469100633 0.672791468366536
0.445759019982445 0.731823140113582 -0.515493731968282
-0.459931953640981 -0.875478894204731 0.148321622907965
0.564472334445554 -0.201990264751108 -0.800356743328476
-0.289615433615737 -0.332227190183981 0.897634666617787
0.927099758961532 -0.0407620129620481 0.37259159307847
-0.937339426978129 0.161734915900587 -0.308604302644896
-0.784438002602998 0.446376882971302 0.43058645870608
0.342737685507351 0.920434191266739 -0.18796749314764
-0.1900090025051 -0.831582747577649 -0.52188764394094
-0.398007547984347 -0.220390294649439 -0.89051564263174
0.599478257630865 -0.787738352714135 -0.14175368175495
0.0247079321414369 -0.968527672886748 -0.247676532884877
0.150952752737498 -0.943739840635545 -0.294225049304387
0.635149903087526 -0.607649764716652 -0.476808519269218
0.675538355522649 -0.709778681954661 0.1996550847348
-0.637114905498633 -0.397658501721825 -0.660266849993108
0.869109525646883 -0.388183580132092 0.30653244615486
0.476581796302111 0.63618096418634 -0.60674835989922
0.351363547499026 0.932907940153235 0.0789077479589218
0.215370588001858 -0.917069768899599 0.335557072335199
-0.188118556440252 0.37151341057588 -0.909169508114473
-0.788677999361692 -0.34165555966435 0.511134514460997
-0.884624420501564 0.270408821945677 -0.37989301607982
-0.766685754589033 -0.44293876397824 -0.464756070509761
-0.893217650409444 -0.000488791335528703 0.449624276568851
0.588652017453762 0.179107779020664 -0.788295126105637
0.106360791553162 0.0232529962671066 0.994055672578144
0.210675948658995 0.774949077942196 -0.595877144429263
-0.157287292429861 0.68289578862404 0.713382120269098
-0.257109527177075 -0.664867150893309 -0.701317590466541
0.663665298941713 0.704880710044866 0.25038281807515
0.960744918953419 -0.134292106750036 -0.242764970228049
0.566780377091754 0.654614549373021 -0.500239738418377
-0.0548154466730053 0.340652659757305 -0.938589916953252
-0.321672922086583 -0.111838909234445 -0.940222627667261
0.0783154664068852 -0.772185579431347 -0.630552233078075
0.494230969621906 -0.841891619719908 -0.216689292102728
0.830797813863627 0.335320361569424 0.444224321257143
0.379400479127135 -0.354277837334727 -0.854717784073509
0.156849813241151 -0.00722954362020296 -0.987596005351004
-0.952921489131325 0.285438335497069 -0.102301476921893
0.121885001581069 0.261150249432252 0.957572239369467
-0.502761824649766 0.688765169215228 -0.522334269745683
0.570212731645573 0.521982252319731 0.634343730900301
0.14510454865709 0.919011791047877 -0.366554222283683
0.859241173729479 0.232695947627694 -0.45558446124252
0.57061067350527 0.819313085852293 0.0559421722232557
-0.0832529688452319 0.468408180721388 -0.87958099081991
-0.0484875290818565 -0.575634189419024 -0.816268484933383
0.341022544127574 -0.901109175279603 0.267779533616129
0.987736274827141 0.103281134199961 -0.117089959898246
-0.362526716136382 0.824276799678828 0.434904745431228
0.315065709750825 -0.857881618039714 0.405922071300356
-0.378337373534413 0.713323934032298 -0.589940502867678
0.429232718092925 0.0182269074072293 -0.903009996381506
0.804189427237493 -0.239020115333993 -0.544195506766784
0.595617460395772 0.549561770466488 -0.585851262107908
0.982912162695067 -0.149372985567362 -0.107570403033543
-0.0231920845456559 0.993557363204749 0.110931930642421
0.422225412538163 -0.282541466182343 0.861333861458209
0.652524647365486 -0.322764553926684 0.685590714135669
0.681024776666037 0.55519816032605 -0.477451836667892
-0.238763206844888 -0.680247959362722 0.693004217043445
0.611970912066503 0.434269904309492 -0.660985062611492
0.000102625764122001 0.665779168440841 -0.746148837925903
0.149313170304297 -0.89429332187603 -0.42183531338855
-0.0448112193462521 -0.428181844998775 0.902580889579514
-0.102702885821049 -0.152249472053476 0.982991462579135
0.659571829275451 -0.438409147268184 0.61054272710255
0.815557445281047 -0.00940238258388055 -0.578599730943939
-0.349059261509144 -0.912692395291715 -0.212485819600658
0.101869106810672 0.976382482492512 0.190525412896432
-0.697733244423828 0.713255663176383 0.0665933823485204
0.500183338426379 0.528787919347868 -0.685711283495025
0.453942200252755 -0.739496185487152 -0.49707330493564
-0.745865047994083 0.603460953441496 -0.281993276253647
0.560644376725514 -0.523640750804615 0.641465702078326
-0.822923940014636 0.480655760668148 0.302929412053886
0.830626439766804 -0.506853734164373 0.230562377078213
0.0330024045016081 -0.0409497677145616 -0.998616021211975
-0.467993261080171 0.860837771947406 -0.199851539829374
0.0292024932263041 -0.92339123893678 -0.382747742310998
0.820654800041397 0.566640350120441 -0.0737862641986944
0.780400712868556 -0.613552364489723 -0.12053308003747
0.104016310926701 0.99099858262119 -0.0842758346383604
-0.123342959528087 -0.66290025394299 -0.738478007565
0.28647188516619 0.873148135234831 -0.394393449419823
-0.178813715436383 0.260538265702829 0.948759962939203
0.829168803965915 0.555136968298452 0.0655899455567513
-0.145615534252952 0.989015252870152 0.0253957826108302
0.762420004683248 -0.594846740979268 -0.254701965452055
0.661166743541442 0.0732430486684395 -0.746655203595714
0.826129661089548 0.101517656221382 0.554259820430261
-0.349433986257439 -0.935294598417885 0.0558560956258383
0.4558522466542 0.547202351866666 0.701974583109608
0.345166844112082 0.713636278500369 -0.609576173856761
-0.846221767230924 -0.112286200235442 0.520865174398575
-0.0462179288641667 -0.746400684801981 -0.663889991473468
0.522288103435532 0.195771268098641 0.829993221416154
0.416326679067053 0.812642910652715 -0.407778856811977
0.103613744811092 -0.374590010360726 -0.921382936690372
-0.974196550604305 -0.220727449556987 0.0471219036408977
-0.263451112255366 -0.574018413361594 0.775304051694075
-0.421905913662694 -0.734871217702461 -0.53099876968685
-0.239006165067004 0.951283125879091 -0.19477286124527
0.0823858639562266 0.288441730484975 -0.953946506642285
0.174259464546135 0.755307282520687 0.631778875863469
-0.337665619929893 -0.875908389382359 -0.344625046285036
-0.712853306207212 0.101825243297627 -0.693881678427112
0.415084091413363 -0.66224961165367 -0.623803373604301
0.834352439319376 0.461276340534194 -0.301794871833817
-0.0972086319294542 -0.941390408606327 -0.3230086383712
-0.366877693452174 0.921180915026137 -0.129716921944754
-0.794060233281261 0.486916427728805 -0.363841639080972
0.168595345882582 0.381228924872746 -0.908977511375888
0.25652463229923 -0.710390443579648 0.655393416731093
0.776727585455006 0.45616782646442 -0.434286969746921
-0.709118269008183 -0.657193843255662 0.25543596642934
0.769791877122193 -0.361305817010421 -0.526192524187795
-0.131436134023532 -0.625162983100854 0.769347637439272
0.856372302295624 -0.356220293321598 -0.373809553766043
-0.10567678914389 0.587586850812338 -0.802230708081333
0.867847456563364 -0.243876447132781 -0.432856870882735
-0.106736735420926 0.150824974164192 0.982781306537754
-0.288707486803148 0.678017874896651 0.675973186143089
-0.612422271128127 -0.602517684607708 -0.511772802678332
0.735836854642339 0.666373494372928 -0.120376448474286
0.280619239772028 0.457978583297523 -0.843509608428122
-0.105027672791608 -0.729126337471883 0.676272113836447
-0.520555031274083 0.174520823670702 -0.835801975063794
-0.488598430394472 0.870227209669646 -0.0630569374981058
0.512179519294108 0.410525406059196 -0.754414362930339
-0.388241000501021 0.909164624403106 0.150627392143412
0.0450404095614155 0.153393613105313 0.987138167109872
-0.891013426118356 -0.440898232429562 -0.108184209186534
-0.239863525324366 0.128726064265078 0.962234425489854
-0.811223497332671 -0.471957099429365 -0.345214330052463
-0.464350638200159 -0.885647964502164 0.00248350081099658
-0.642539336143517 -0.664843234348455 -0.380954951732266
0.235722226060922 -0.834590388595827 -0.497889461029605
-0.228368715801524 -0.963832784119471 -0.137383018964036
-0.0505792111812876 -0.826895232926429 -0.560076795769852
0.570215402325437 0.0615068068543692 0.81918942111176
-0.721805354192626 0.0319464893062852 0.691358411014042
0.438517066810664 -0.458843553538181 -0.772764760772789
-0.377947636099247 0.117204630979753 0.918378276552691
0.917883682180391 -0.125173924477568 -0.376591336355275
0.491270438196689 -0.0445456858763346 0.869867253334577
0.410399648320655 -0.782262611379408 0.468654814865005
-0.475981722406984 0.618610367472452 -0.625110080857827
0.645889241443775 -0.689774253375812 0.32716749099968
-0.556642969982163 -0.762136024852479 -0.330601396838396
0.152600893270205 0.509325921658227 -0.846935695847172
-0.951878385339123 -0.0755668943063512 -0.2970137774735
-0.103110276545704 -0.99315980682987 -0.0547893143625924
0.85516870172775 0.349883731387055 -0.382449821670694
0.563150890767401 -0.710541109966026 -0.421891461487586
-0.0760513009049714 -0.81885511105372 0.568939809410329
0.959367632094855 -0.280047079402055 -0.0344583778940549
-0.384608525793496 -0.246297323184782 0.889614472948234
-0.529111716716868 -0.748565430548658 0.399613047109864
0.120658376502856 0.965958133364773 -0.228837149008064
0.730583430519362 -0.561725133585239 -0.388217368685645
0.914632228297167 -0.402987842911311 0.0323834128196505
-0.273374114697162 0.935331673482563 0.224546774623575
0.822077559123749 -0.249098271242874 0.511994666035644
-0.583998390705521 0.761104488777017 0.282251371682828
0.696906539637481 -0.492326518738944 -0.521474710754898
0.783133080198689 -0.621677169172096 0.0148349596791758
-0.729523464968773 0.471290766728196 -0.495661706465917
-0.364351786145485 0.574405234414216 0.73301187071571
-0.752823275909666 -0.657928657547887 -0.0196722348978051
-0.259441392478818 0.964231838458573 -0.0542874347473946
0.149827430763289 -0.975328003086451 -0.162132746187402
-0.337457353561785 -0.346873921238973 -0.875100575529108
-0.335154586242327 0.756498786175701 0.561587918170812
-0.529974865424292 0.640641603533386 0.555612254941048
-0.466578253592575 -0.873654368552793 -0.137959333077267
0.618953396715907 -0.0660300403550105 -0.782647255450728
-0.0161125862031377 -0.948730490784304 0.315675213505939
0.971321465272789 -0.0445900640495849 0.233551573080498
-0.174868054936786 0.479004680565281 0.860218390502772
-0.270815387676871 0.892631065503497 0.360373149243277
0.458343680094489 0.845412129092535 0.274225095315267
0.187145233478573 0.13476840212629 0.97304374997971
-0.955145297176952 -0.231032526026416 0.185260446935135
-0.687139297467968 0.697675005211783 0.202704644687699
0.367688109790723 -0.0223556840873252 0.92968041676025
-0.331319168641683 -0.563090675965864 -0.757071000059367
0.749741633043379 0.561966571928702 -0.349400995585516
-0.596940472320501 0.528981071880172 0.603192422116095
0.0236065148637303 0.553315188399013 -0.83263739691594
-0.558542783078861 0.435602726635332 0.705889668445703
-0.167331686528096 0.243855030743544 -0.955266889756328
-0.356059701679449 0.620327351682576 -0.69886727323178
-0.502835019520556 -0.634286073080715 -0.587229189192437
0.916728499818084 0.236626302164689 -0.321895714083225
-0.913002865370761 0.394498579630955 0.103906874141889
-0.158682251185112 0.786841869780077 -0.596405747054652
-0.246891053230371 -0.928029828808415 0.27893627350458
0.889942876736638 0.455240553384421 -0.0275266180262389
0.667002634784118 0.736675619502374 0.111429425296185
0.315791267884126 0.801330493467871 -0.508080028506017
-0.344177970637709 -0.130666223332862 0.929767639040871
-0.847872673114692 0.501329842258805 0.172569752407853
0.31989004257108 0.822175554785594 0.47084787116103
0.739353309085434 0.360135842323126 0.568910238454743
-0.0267121629278206 0.669362251842877 0.742455814280924
0.673862137402156 0.487530802204699 0.555178833059619
-0.228076384951866 -0.973641761483426 -0.00169791717689158
0.716921394019361 -0.277446824899783 -0.639567802621712
0.0431077220487018 0.89181234720239 -0.450347045818152
-0.270017607080814 -0.463479019809443 -0.843965455491414
0.636034557746245 0.166107421334159 0.753570412058658
-0.750984033162449 -0.640722232863441 -0.159680938904894
0.851200859851381 -0.516040157380275 0.0957060716945909
0.526190365419532 -0.754100812494373 0.393008478197336
0.898842164265462 0.0807941483129565 0.430761035072771
-0.673620598244936 0.172471238092048 0.718671664705887
-0.948092808605583 0.0058992285999536 0.317939027758946
-0.210339539408619 0.494751575078997 -0.843195207006196
0.503136007649493 -0.335500228106527 -0.796425611558918
-0.1812406412622 -0.85528768035523 0.485422304583789
-0.97186385418627 0.164751000591133 -0.168338221240538
0.476006338633847 0.146604091029455 -0.867136209642883
0.776975490180808 -0.0007671673219151 0.629530379817045
0.502109145854588 0.281518212769956 -0.817700373931666
0.0758045802889956 0.889080684528265 0.451430174009183
-0.384157066610345 -0.654964898762111 -0.650726001910845
0.998569055256979 -0.0294750374133214 -0.0446213407762193
0.942057573882802 0.333897157585931 0.0322523742705142
0.314449830496035 -0.242644787521293 -0.917738966803612
0.541389641444574 -0.298556003523579 0.785978096957253
-0.855915425887364 0.116974177243142 0.503712046298619
-0.62486286262321 0.565438709720575 -0.538354407861456
0.131570727240656 -0.984546347488936 0.115575228226293
-0.56205323417274 0.783838442455264 -0.263995185723659
0.187224859240998 -0.862547632942279 0.470062158642726
-0.691792704855619 -0.204072734349194 0.69265949253857
0.662391263306533 0.748606608896555 -0.0287395095917696
0.705530655035189 -0.576970111910051 0.411499677725417
0.882704950514964 -0.147802580249616 0.446078880477355
0.19700558690868 0.568397111537902 0.79882008132128
-0.668395563786057 0.404231588994533 0.624375041757816
0.297238787522256 -0.266199921593672 0.916944221278384
0.744528744074248 0.596729506070545 0.299317299586956
-0.224893558613766 -0.936039542081456 -0.270652661087924
0.0473578215761843 0.373398524371577 0.926461428626517
-0.497300253795341 0.864256345615366 0.0758513456615161
0.442548354407738 0.799465078343224 0.406209973438204
0.712949757595224 0.557530298415096 0.425279448708829
0.606803289951844 0.737937090937426 -0.295361841005956
-0.38556470165768 0.875361141098262 0.291689446999325
0.679992108952611 0.0310480972620673 0.732561770377479
0.0328171353960114 -0.21275097270711 0.976555200301846
0.99477113515714 -0.0390130204515933 0.0943841771348305
0.0271032516651175 -0.479091636175203 -0.877346350021554
